#SHAPE
0, 0.0, 0.0
0, 6.0, 0.0
0, 4.0, 3.0
0, 3.0, 1.5
0, 2.0, 3.0
#START_END
2.0, 2.0, 4.0, 2.0
#ADJACENCY_LIST
0, 0, 0, false, 2.828427
0, 0, 3, false, 1.118033
0, 0, 4, false, 1.000000
1, 0, 1, false, 2.828427
1, 0, 2, false, 1.000000
1, 0, 3, false, 1.118033
2, 0, 0,  true, 2.828427
2, 0, 1, false, 6.000000
2, 0, 3, false, 3.354101
2, 0, 4, false, 3.605551
3, 1, 1,  true, 2.828427
3, 0, 0, false, 6.000000
3, 0, 2, false, 3.605551
3, 0, 3, false, 3.354101
4, 1, 1,  true, 1.000000
4, 0, 1, false, 3.605551
4, 0, 3, false, 1.802775
5, 0, 0,  true, 1.118033
5, 1, 1,  true, 1.118033
5, 0, 0, false, 3.354101
5, 0, 1, false, 3.354101
5, 0, 2, false, 1.802775
5, 0, 4, false, 1.802775
6, 0, 0,  true, 1.000000
6, 0, 0, false, 3.605551
6, 0, 3, false, 1.802775
#PATH_LENGTH
2.2360679775
#PATH_POINTS
2.0, 2.0
3.0, 1.5
4.0, 2.0